[0]
baseSpeed=1.000000
shapeType=0
radius=2.000000
attack=500.000000
