[0]
baseSpeed=0.100000
shapeType=0
radius=20.000000
bulletType=0
bulletPeriod=10
HPmaximum=10000.000000
