[0]
baseSpeed=1.000000
shapeType=0
radius=50.000000
bulletType=0
bulletPeriod=1000
HPmaximum=1000000.000000
